[
    [
        0.9999999999999998,
        0.8666666666666665,
        0.07161148740394328,
        0.28644594961577313,
        0.2666666666666666,
        0.2760262237369417,
        0.23094010767585027,
        0.12171612389003691,
        0.14322297480788657,
        0.13801311186847084,
        0.0,
        0.053838190205816545,
        0.0,
        0.0,
        0.0,
        0.0,
        0.0,
        0.0,
        0.07161148740394328,
        0.06262242910851494,
        0.07161148740394328,
        0.07161148740394328,
        0.13801311186847084,
        0.14322297480788657,
        0.14322297480788657,
        0.0,
        0.0,
        0.0,
        0.06454972243679027,
        0.1632993161855452,
        0.1556997888323046,
        0.21483446221182984,
        0.0,
        0.0,
        0.0,
        0.12909944487358055,
        0.0,
        0.0,
        0.0,
        0.14907119849998599,
        0.0,
        0.0
    ],
    [
        0.8666666666666665,
        0.9999999999999998,
        0.07161148740394328,
        0.28644594961577313,
        0.2666666666666666,
        0.2760262237369417,
        0.23094010767585027,
        0.12171612389003691,
        0.14322297480788657,
        0.13801311186847084,
        0.0,
        0.053838190205816545,
        0.0,
        0.0,
        0.0,
        0.0,
        0.0,
        0.0,
        0.07161148740394328,
        0.06262242910851494,
        0.07161148740394328,
        0.07161148740394328,
        0.13801311186847084,
        0.14322297480788657,
        0.14322297480788657,
        0.0,
        0.0,
        0.0,
        0.06454972243679027,
        0.1632993161855452,
        0.1556997888323046,
        0.21483446221182984,
        0.0,
        0.0,
        0.0,
        0.12909944487358055,
        0.0,
        0.0,
        0.0,
        0.14907119849998599,
        0.0,
        0.0
    ],
    [
        0.07161148740394328,
        0.07161148740394328,
        0.9999999999999998,
        0.15384615384615385,
        0.14322297480788657,
        0.07412493166611013,
        0.06201736729460423,
        0.1307440900921227,
        0.07692307692307693,
        0.07412493166611013,
        0.060522753266880246,
        0.11566298639324805,
        0.06537204504606135,
        0.06201736729460423,
        0.1345345587992625,
        0.06201736729460423,
        0.0,
        0.060522753266880246,
        0.0,
        0.0,
        0.0,
        0.0,
        0.07412493166611013,
        0.07692307692307693,
        0.15384615384615385,
        0.17541160386140586,
        0.08006407690254358,
        0.15384615384615385,
        0.06933752452815364,
        0.08770580193070293,
        0.16724840200141816,
        0.07692307692307693,
        0.08006407690254358,
        0.07412493166611013,
        0.07412493166611013,
        0.06933752452815364,
        0.0,
        0.08006407690254358,
        0.08362420100070908,
        0.0,
        0.08006407690254358,
        0.07161148740394328
    ],
    [
        0.28644594961577313,
        0.28644594961577313,
        0.15384615384615385,
        0.9999999999999998,
        0.9309493362512627,
        0.2964997266644405,
        0.2480694691784169,
        0.1307440900921227,
        0.15384615384615385,
        0.14824986333222026,
        0.0,
        0.05783149319662403,
        0.0,
        0.0,
        0.0,
        0.0,
        0.0,
        0.0,
        0.07692307692307693,
        0.06726727939963124,
        0.07692307692307693,
        0.15384615384615385,
        0.14824986333222026,
        0.15384615384615385,
        0.23076923076923078,
        0.08770580193070293,
        0.0,
        0.07692307692307693,
        0.06933752452815364,
        0.0,
        0.16724840200141816,
        0.23076923076923078,
        0.0,
        0.0,
        0.0,
        0.0,
        0.0,
        0.08006407690254358,
        0.0,
        0.08006407690254358,
        0.0,
        0.0
    ],
    [
        0.2666666666666666,
        0.2666666666666666,
        0.14322297480788657,
        0.9309493362512627,
        0.9999999999999998,
        0.2760262237369417,
        0.23094010767585027,
        0.12171612389003691,
        0.14322297480788657,
        0.13801311186847084,
        0.0,
        0.053838190205816545,
        0.0,
        0.0,
        0.0,
        0.0,
        0.0,
        0.0,
        0.07161148740394328,
        0.06262242910851494,
        0.07161148740394328,
        0.14322297480788657,
        0.13801311186847084,
        0.14322297480788657,
        0.21483446221182984,
        0.0816496580927726,
        0.0,
        0.07161148740394328,
        0.06454972243679027,
        0.0,
        0.1556997888323046,
        0.21483446221182984,
        0.0,
        0.0,
        0.0,
        0.0,
        0.0,
        0.07453559924999299,
        0.0,
        0.07453559924999299,
        0.0,
        0.0
    ],
    [
        0.2760262237369417,
        0.2760262237369417,
        0.07412493166611013,
        0.2964997266644405,
        0.2760262237369417,
        0.9999999999999999,
        0.5378528742004771,
        0.5039526306789696,
        0.2223747949983304,
        0.2142857142857143,
        0.0,
        0.05572782125753529,
        0.0,
        0.0,
        0.0,
        0.0,
        0.0,
        0.0,
        0.07412493166611013,
        0.06482037235521644,
        0.07412493166611013,
        0.07412493166611013,
        0.14285714285714288,
        0.14824986333222026,
        0.2223747949983304,
        0.0,
        0.0,
        0.0,
        0.0668153104781061,
        0.16903085094570333,
        0.16116459280507606,
        0.2223747949983304,
        0.07715167498104597,
        0.07142857142857144,
        0.07142857142857144,
        0.0,
        0.0,
        0.0,
        0.0,
        0.15430334996209194,
        0.0,
        0.0
    ],
    [
        0.23094010767585027,
        0.23094010767585027,
        0.06201736729460423,
        0.2480694691784169,
        0.23094010767585027,
        0.5378528742004771,
        1.0,
        0.790569415042095,
        0.1860521018838127,
        0.17928429140015906,
        0.0,
        0.04662524041201569,
        0.0,
        0.0,
        0.0,
        0.0,
        0.0,
        0.0,
        0.06201736729460423,
        0.05423261445466404,
        0.06201736729460423,
        0.06201736729460423,
        0.11952286093343936,
        0.12403473458920845,
        0.1860521018838127,
        0.0,
        0.06454972243679029,
        0.0,
        0.05590169943749474,
        0.07071067811865475,
        0.13483997249264842,
        0.1860521018838127,
        0.06454972243679029,
        0.05976143046671968,
        0.05976143046671968,
        0.0,
        0.0,
        0.0,
        0.0,
        0.06454972243679029,
        0.0,
        0.0
    ],
    [
        0.12171612389003691,
        0.12171612389003691,
        0.1307440900921227,
        0.1307440900921227,
        0.12171612389003691,
        0.5039526306789696,
        0.790569415042095,
        1.0000000000000002,
        0.19611613513818404,
        0.18898223650461363,
        0.051434449987363975,
        0.09829463743659811,
        0.055555555555555566,
        0.052704627669472995,
        0.05716619504750295,
        0.052704627669472995,
        0.0,
        0.051434449987363975,
        0.06537204504606135,
        0.05716619504750295,
        0.06537204504606135,
        0.06537204504606135,
        0.06299407883487121,
        0.06537204504606135,
        0.1307440900921227,
        0.074535599249993,
        0.13608276348795437,
        0.06537204504606135,
        0.11785113019775793,
        0.22360679774997902,
        0.21320071635561044,
        0.1307440900921227,
        0.13608276348795437,
        0.12598815766974242,
        0.12598815766974242,
        0.05892556509887897,
        0.0,
        0.06804138174397718,
        0.07106690545187015,
        0.13608276348795437,
        0.06804138174397718,
        0.06085806194501846
    ],
    [
        0.14322297480788657,
        0.14322297480788657,
        0.07692307692307693,
        0.15384615384615385,
        0.14322297480788657,
        0.2223747949983304,
        0.1860521018838127,
        0.19611613513818404,
        0.9999999999999998,
        0.6671243849949912,
        0.060522753266880246,
        0.11566298639324805,
        0.06537204504606135,
        0.06201736729460423,
        0.06726727939963124,
        0.06201736729460423,
        0.05337605126836238,
        0.060522753266880246,
        0.15384615384615385,
        0.1345345587992625,
        0.15384615384615385,
        0.15384615384615385,
        0.07412493166611013,
        0.0,
        0.15384615384615385,
        0.0,
        0.0,
        0.0,
        0.1386750490563073,
        0.08770580193070293,
        0.16724840200141816,
        0.07692307692307693,
        0.0,
        0.0,
        0.0,
        0.0,
        0.07692307692307693,
        0.0,
        0.08362420100070908,
        0.08006407690254358,
        0.08006407690254358,
        0.0
    ],
    [
        0.13801311186847084,
        0.13801311186847084,
        0.07412493166611013,
        0.14824986333222026,
        0.13801311186847084,
        0.2142857142857143,
        0.17928429140015906,
        0.18898223650461363,
        0.6671243849949912,
        0.9999999999999999,
        0.058321184351980436,
        0.11145564251507058,
        0.06299407883487121,
        0.05976143046671968,
        0.06482037235521644,
        0.05976143046671968,
        0.051434449987363975,
        0.058321184351980436,
        0.14824986333222026,
        0.12964074471043288,
        0.14824986333222026,
        0.14824986333222026,
        0.07142857142857144,
        0.0,
        0.14824986333222026,
        0.0,
        0.0,
        0.0,
        0.1336306209562122,
        0.08451542547285167,
        0.16116459280507606,
        0.07412493166611013,
        0.0,
        0.0,
        0.0,
        0.0,
        0.07412493166611013,
        0.0,
        0.08058229640253803,
        0.07715167498104597,
        0.07715167498104597,
        0.0
    ],
    [
        0.0,
        0.0,
        0.060522753266880246,
        0.0,
        0.0,
        0.0,
        0.0,
        0.051434449987363975,
        0.060522753266880246,
        0.058321184351980436,
        1.0000000000000004,
        0.18200630207731605,
        0.3086066999241838,
        0.29277002188455997,
        0.21170244960998527,
        0.19518001458970663,
        0.20998026278290405,
        0.380952380952381,
        0.060522753266880246,
        0.05292561240249632,
        0.060522753266880246,
        0.060522753266880246,
        0.11664236870396087,
        0.060522753266880246,
        0.12104550653376049,
        0.13801311186847084,
        0.12598815766974242,
        0.060522753266880246,
        0.0545544725589981,
        0.06900655593423542,
        0.0657951694959769,
        0.060522753266880246,
        0.12598815766974242,
        0.11664236870396087,
        0.11664236870396087,
        0.1091089451179962,
        0.12104550653376049,
        0.12598815766974242,
        0.1315903389919538,
        0.06299407883487121,
        0.18898223650461363,
        0.1126872339638022
    ],
    [
        0.053838190205816545,
        0.053838190205816545,
        0.11566298639324805,
        0.05783149319662403,
        0.053838190205816545,
        0.05572782125753529,
        0.04662524041201569,
        0.09829463743659811,
        0.11566298639324805,
        0.11145564251507058,
        0.18200630207731605,
        1.0,
        0.24573659359149527,
        0.3730019232961255,
        0.45514956368175624,
        0.13987572123604708,
        0.20064308847628204,
        0.3185110286353031,
        0.05783149319662403,
        0.05057217374241736,
        0.05783149319662403,
        0.05783149319662403,
        0.11145564251507058,
        0.05783149319662403,
        0.05783149319662403,
        0.0659380473395787,
        0.06019292654288461,
        0.05783149319662403,
        0.05212860351426869,
        0.0659380473395787,
        0.1257389226923863,
        0.05783149319662403,
        0.06019292654288461,
        0.05572782125753529,
        0.05572782125753529,
        0.05212860351426869,
        0.05783149319662403,
        0.06019292654288461,
        0.06286946134619315,
        0.0,
        0.12038585308576923,
        0.053838190205816545
    ],
    [
        0.0,
        0.0,
        0.06537204504606135,
        0.0,
        0.0,
        0.0,
        0.0,
        0.055555555555555566,
        0.06537204504606135,
        0.06299407883487121,
        0.3086066999241838,
        0.24573659359149527,
        1.0000000000000002,
        0.3689323936863109,
        0.2286647801900118,
        0.158113883008419,
        0.22680460581325726,
        0.15430334996209194,
        0.06537204504606135,
        0.05716619504750295,
        0.06537204504606135,
        0.06537204504606135,
        0.12598815766974242,
        0.06537204504606135,
        0.1307440900921227,
        0.149071198499986,
        0.13608276348795437,
        0.06537204504606135,
        0.05892556509887897,
        0.074535599249993,
        0.07106690545187015,
        0.06537204504606135,
        0.13608276348795437,
        0.12598815766974242,
        0.12598815766974242,
        0.11785113019775793,
        0.1307440900921227,
        0.13608276348795437,
        0.1421338109037403,
        0.06804138174397718,
        0.20412414523193156,
        0.12171612389003691
    ],
    [
        0.0,
        0.0,
        0.06201736729460423,
        0.0,
        0.0,
        0.0,
        0.0,
        0.052704627669472995,
        0.06201736729460423,
        0.05976143046671968,
        0.29277002188455997,
        0.3730019232961255,
        0.3689323936863109,
        1.0000000000000002,
        0.32539568672798425,
        0.25,
        0.21516574145596762,
        0.3903600291794133,
        0.06201736729460423,
        0.10846522890932808,
        0.12403473458920845,
        0.06201736729460423,
        0.11952286093343936,
        0.06201736729460423,
        0.12403473458920845,
        0.1414213562373095,
        0.12909944487358058,
        0.06201736729460423,
        0.05590169943749474,
        0.07071067811865475,
        0.06741998624632421,
        0.06201736729460423,
        0.12909944487358058,
        0.11952286093343936,
        0.11952286093343936,
        0.11180339887498948,
        0.12403473458920845,
        0.12909944487358058,
        0.13483997249264842,
        0.06454972243679029,
        0.19364916731037085,
        0.11547005383792514
    ],
    [
        0.0,
        0.0,
        0.1345345587992625,
        0.0,
        0.0,
        0.0,
        0.0,
        0.05716619504750295,
        0.06726727939963124,
        0.06482037235521644,
        0.21170244960998527,
        0.45514956368175624,
        0.2286647801900118,
        0.32539568672798425,
        1.0,
        0.16269784336399212,
        0.140028008402801,
        0.26462806201248157,
        0.06726727939963124,
        0.058823529411764705,
        0.06726727939963124,
        0.06726727939963124,
        0.12964074471043288,
        0.06726727939963124,
        0.06726727939963124,
        0.07669649888473705,
        0.0700140042014005,
        0.06726727939963124,
        0.06063390625908324,
        0.07669649888473705,
        0.07312724241271307,
        0.06726727939963124,
        0.0700140042014005,
        0.06482037235521644,
        0.06482037235521644,
        0.06063390625908324,
        0.06726727939963124,
        0.0700140042014005,
        0.07312724241271307,
        0.0,
        0.140028008402801,
        0.06262242910851494
    ],
    [
        0.0,
        0.0,
        0.06201736729460423,
        0.0,
        0.0,
        0.0,
        0.0,
        0.052704627669472995,
        0.06201736729460423,
        0.05976143046671968,
        0.19518001458970663,
        0.13987572123604708,
        0.158113883008419,
        0.25,
        0.16269784336399212,
        1.0000000000000002,
        0.21516574145596762,
        0.2439750182371333,
        0.06201736729460423,
        0.16269784336399212,
        0.1860521018838127,
        0.06201736729460423,
        0.11952286093343936,
        0.06201736729460423,
        0.06201736729460423,
        0.07071067811865475,
        0.06454972243679029,
        0.06201736729460423,
        0.05590169943749474,
        0.07071067811865475,
        0.06741998624632421,
        0.06201736729460423,
        0.06454972243679029,
        0.05976143046671968,
        0.05976143046671968,
        0.05590169943749474,
        0.06201736729460423,
        0.06454972243679029,
        0.06741998624632421,
        0.0,
        0.12909944487358058,
        0.05773502691896257
    ],
    [
        0.0,
        0.0,
        0.0,
        0.0,
        0.0,
        0.0,
        0.0,
        0.0,
        0.05337605126836238,
        0.051434449987363975,
        0.20998026278290405,
        0.20064308847628204,
        0.22680460581325726,
        0.21516574145596762,
        0.140028008402801,
        0.21516574145596762,
        1.0000000000000004,
        0.2939723678960656,
        0.05337605126836238,
        0.04667600280093366,
        0.05337605126836238,
        0.05337605126836238,
        0.051434449987363975,
        0.0,
        0.05337605126836238,
        0.060858061945018464,
        0.055555555555555566,
        0.0,
        0.0,
        0.0,
        0.0,
        0.0,
        0.055555555555555566,
        0.051434449987363975,
        0.051434449987363975,
        0.048112522432468816,
        0.10675210253672476,
        0.055555555555555566,
        0.05802588531856595,
        0.055555555555555566,
        0.11111111111111113,
        0.049690399499995326
    ],
    [
        0.0,
        0.0,
        0.060522753266880246,
        0.0,
        0.0,
        0.0,
        0.0,
        0.051434449987363975,
        0.060522753266880246,
        0.058321184351980436,
        0.380952380952381,
        0.3185110286353031,
        0.15430334996209194,
        0.3903600291794133,
        0.26462806201248157,
        0.2439750182371333,
        0.2939723678960656,
        1.0000000000000004,
        0.060522753266880246,
        0.05292561240249632,
        0.060522753266880246,
        0.060522753266880246,
        0.11664236870396087,
        0.060522753266880246,
        0.060522753266880246,
        0.06900655593423542,
        0.06299407883487121,
        0.060522753266880246,
        0.0545544725589981,
        0.06900655593423542,
        0.0657951694959769,
        0.060522753266880246,
        0.12598815766974242,
        0.11664236870396087,
        0.11664236870396087,
        0.0545544725589981,
        0.12104550653376049,
        0.06299407883487121,
        0.0657951694959769,
        0.06299407883487121,
        0.12598815766974242,
        0.0563436169819011
    ],
    [
        0.07161148740394328,
        0.07161148740394328,
        0.0,
        0.07692307692307693,
        0.07161148740394328,
        0.07412493166611013,
        0.06201736729460423,
        0.06537204504606135,
        0.15384615384615385,
        0.14824986333222026,
        0.060522753266880246,
        0.05783149319662403,
        0.06537204504606135,
        0.06201736729460423,
        0.06726727939963124,
        0.06201736729460423,
        0.05337605126836238,
        0.060522753266880246,
        0.9999999999999998,
        0.7399400733959438,
        0.6923076923076923,
        0.6923076923076923,
        0.14824986333222026,
        0.0,
        0.0,
        0.0,
        0.0,
        0.0,
        0.1386750490563073,
        0.0,
        0.16724840200141816,
        0.07692307692307693,
        0.0,
        0.0,
        0.0,
        0.0,
        0.15384615384615385,
        0.0,
        0.0,
        0.08006407690254358,
        0.08006407690254358,
        0.0
    ],
    [
        0.06262242910851494,
        0.06262242910851494,
        0.0,
        0.06726727939963124,
        0.06262242910851494,
        0.06482037235521644,
        0.05423261445466404,
        0.05716619504750295,
        0.1345345587992625,
        0.12964074471043288,
        0.05292561240249632,
        0.05057217374241736,
        0.05716619504750295,
        0.10846522890932808,
        0.058823529411764705,
        0.16269784336399212,
        0.04667600280093366,
        0.05292561240249632,
        0.7399400733959438,
        1.0,
        0.8744746321952064,
        0.6054055145966812,
        0.06482037235521644,
        0.0,
        0.0,
        0.0,
        0.0,
        0.0,
        0.12126781251816648,
        0.0,
        0.14625448482542613,
        0.06726727939963124,
        0.0,
        0.0,
        0.0,
        0.0,
        0.1345345587992625,
        0.0,
        0.0,
        0.0700140042014005,
        0.0700140042014005,
        0.0
    ],
    [
        0.07161148740394328,
        0.07161148740394328,
        0.0,
        0.07692307692307693,
        0.07161148740394328,
        0.07412493166611013,
        0.06201736729460423,
        0.06537204504606135,
        0.15384615384615385,
        0.14824986333222026,
        0.060522753266880246,
        0.05783149319662403,
        0.06537204504606135,
        0.12403473458920845,
        0.06726727939963124,
        0.1860521018838127,
        0.05337605126836238,
        0.060522753266880246,
        0.6923076923076923,
        0.8744746321952064,
        0.9999999999999998,
        0.6923076923076923,
        0.07412493166611013,
        0.0,
        0.0,
        0.0,
        0.0,
        0.0,
        0.1386750490563073,
        0.0,
        0.16724840200141816,
        0.07692307692307693,
        0.0,
        0.0,
        0.0,
        0.0,
        0.15384615384615385,
        0.0,
        0.0,
        0.08006407690254358,
        0.08006407690254358,
        0.0
    ],
    [
        0.07161148740394328,
        0.07161148740394328,
        0.0,
        0.15384615384615385,
        0.14322297480788657,
        0.07412493166611013,
        0.06201736729460423,
        0.06537204504606135,
        0.15384615384615385,
        0.14824986333222026,
        0.060522753266880246,
        0.05783149319662403,
        0.06537204504606135,
        0.06201736729460423,
        0.06726727939963124,
        0.06201736729460423,
        0.05337605126836238,
        0.060522753266880246,
        0.6923076923076923,
        0.6054055145966812,
        0.6923076923076923,
        0.9999999999999998,
        0.07412493166611013,
        0.0,
        0.0,
        0.0,
        0.0,
        0.0,
        0.1386750490563073,
        0.0,
        0.16724840200141816,
        0.07692307692307693,
        0.0,
        0.0,
        0.0,
        0.0,
        0.15384615384615385,
        0.08006407690254358,
        0.0,
        0.08006407690254358,
        0.08006407690254358,
        0.0
    ],
    [
        0.13801311186847084,
        0.13801311186847084,
        0.07412493166611013,
        0.14824986333222026,
        0.13801311186847084,
        0.14285714285714288,
        0.11952286093343936,
        0.06299407883487121,
        0.07412493166611013,
        0.07142857142857144,
        0.11664236870396087,
        0.11145564251507058,
        0.12598815766974242,
        0.11952286093343936,
        0.12964074471043288,
        0.11952286093343936,
        0.051434449987363975,
        0.11664236870396087,
        0.14824986333222026,
        0.06482037235521644,
        0.07412493166611013,
        0.07412493166611013,
        0.9999999999999999,
        0.2223747949983304,
        0.37062465833055064,
        0.08451542547285167,
        0.07715167498104597,
        0.07412493166611013,
        0.0668153104781061,
        0.08451542547285167,
        0.24174688920761409,
        0.2223747949983304,
        0.07715167498104597,
        0.07142857142857144,
        0.07142857142857144,
        0.0668153104781061,
        0.07412493166611013,
        0.07715167498104597,
        0.24174688920761409,
        0.0,
        0.15430334996209194,
        0.06900655593423542
    ],
    [
        0.14322297480788657,
        0.14322297480788657,
        0.07692307692307693,
        0.15384615384615385,
        0.14322297480788657,
        0.14824986333222026,
        0.12403473458920845,
        0.06537204504606135,
        0.0,
        0.0,
        0.060522753266880246,
        0.05783149319662403,
        0.06537204504606135,
        0.06201736729460423,
        0.06726727939963124,
        0.06201736729460423,
        0.0,
        0.060522753266880246,
        0.0,
        0.0,
        0.0,
        0.0,
        0.2223747949983304,
        0.9999999999999998,
        0.23076923076923078,
        0.08770580193070293,
        0.08006407690254358,
        0.07692307692307693,
        0.06933752452815364,
        0.08770580193070293,
        0.08362420100070908,
        0.23076923076923078,
        0.08006407690254358,
        0.07412493166611013,
        0.07412493166611013,
        0.06933752452815364,
        0.0,
        0.08006407690254358,
        0.08362420100070908,
        0.0,
        0.08006407690254358,
        0.07161148740394328
    ],
    [
        0.14322297480788657,
        0.14322297480788657,
        0.15384615384615385,
        0.23076923076923078,
        0.21483446221182984,
        0.2223747949983304,
        0.1860521018838127,
        0.1307440900921227,
        0.15384615384615385,
        0.14824986333222026,
        0.12104550653376049,
        0.05783149319662403,
        0.1307440900921227,
        0.12403473458920845,
        0.06726727939963124,
        0.06201736729460423,
        0.05337605126836238,
        0.060522753266880246,
        0.0,
        0.0,
        0.0,
        0.0,
        0.37062465833055064,
        0.23076923076923078,
        0.9999999999999998,
        0.2631174057921088,
        0.16012815380508716,
        0.15384615384615385,
        0.06933752452815364,
        0.17541160386140586,
        0.08362420100070908,
        0.23076923076923078,
        0.16012815380508716,
        0.14824986333222026,
        0.14824986333222026,
        0.1386750490563073,
        0.07692307692307693,
        0.16012815380508716,
        0.16724840200141816,
        0.08006407690254358,
        0.16012815380508716,
        0.14322297480788657
    ],
    [
        0.0,
        0.0,
        0.17541160386140586,
        0.08770580193070293,
        0.0816496580927726,
        0.0,
        0.0,
        0.074535599249993,
        0.0,
        0.0,
        0.13801311186847084,
        0.0659380473395787,
        0.149071198499986,
        0.1414213562373095,
        0.07669649888473705,
        0.07071067811865475,
        0.060858061945018464,
        0.06900655593423542,
        0.0,
        0.0,
        0.0,
        0.0,
        0.08451542547285167,
        0.08770580193070293,
        0.2631174057921088,
        0.9999999999999999,
        0.1825741858350554,
        0.17541160386140586,
        0.07905694150420949,
        0.1,
        0.09534625892455924,
        0.08770580193070293,
        0.1825741858350554,
        0.16903085094570333,
        0.16903085094570333,
        0.15811388300841897,
        0.08770580193070293,
        0.1825741858350554,
        0.19069251784911848,
        0.0912870929175277,
        0.1825741858350554,
        0.1632993161855452
    ],
    [
        0.0,
        0.0,
        0.08006407690254358,
        0.0,
        0.0,
        0.0,
        0.06454972243679029,
        0.13608276348795437,
        0.0,
        0.0,
        0.12598815766974242,
        0.06019292654288461,
        0.13608276348795437,
        0.12909944487358058,
        0.0700140042014005,
        0.06454972243679029,
        0.055555555555555566,
        0.06299407883487121,
        0.0,
        0.0,
        0.0,
        0.0,
        0.07715167498104597,
        0.08006407690254358,
        0.16012815380508716,
        0.1825741858350554,
        1.0000000000000002,
        0.08006407690254358,
        0.07216878364870323,
        0.0912870929175277,
        0.08703882797784893,
        0.08006407690254358,
        0.1666666666666667,
        0.15430334996209194,
        0.15430334996209194,
        0.14433756729740646,
        0.08006407690254358,
        0.3333333333333334,
        0.17407765595569785,
        0.08333333333333336,
        0.1666666666666667,
        0.14907119849998599
    ],
    [
        0.0,
        0.0,
        0.15384615384615385,
        0.07692307692307693,
        0.07161148740394328,
        0.0,
        0.0,
        0.06537204504606135,
        0.0,
        0.0,
        0.060522753266880246,
        0.05783149319662403,
        0.06537204504606135,
        0.06201736729460423,
        0.06726727939963124,
        0.06201736729460423,
        0.0,
        0.060522753266880246,
        0.0,
        0.0,
        0.0,
        0.0,
        0.07412493166611013,
        0.07692307692307693,
        0.15384615384615385,
        0.17541160386140586,
        0.08006407690254358,
        0.9999999999999998,
        0.06933752452815364,
        0.08770580193070293,
        0.08362420100070908,
        0.07692307692307693,
        0.08006407690254358,
        0.07412493166611013,
        0.07412493166611013,
        0.06933752452815364,
        0.0,
        0.08006407690254358,
        0.08362420100070908,
        0.0,
        0.08006407690254358,
        0.07161148740394328
    ],
    [
        0.06454972243679027,
        0.06454972243679027,
        0.06933752452815364,
        0.06933752452815364,
        0.06454972243679027,
        0.0668153104781061,
        0.05590169943749474,
        0.11785113019775793,
        0.1386750490563073,
        0.1336306209562122,
        0.0545544725589981,
        0.05212860351426869,
        0.05892556509887897,
        0.05590169943749474,
        0.06063390625908324,
        0.05590169943749474,
        0.0,
        0.0545544725589981,
        0.1386750490563073,
        0.12126781251816648,
        0.1386750490563073,
        0.1386750490563073,
        0.0668153104781061,
        0.06933752452815364,
        0.06933752452815364,
        0.07905694150420949,
        0.07216878364870323,
        0.06933752452815364,
        1.0,
        0.07905694150420949,
        0.15075567228888181,
        0.1386750490563073,
        0.07216878364870323,
        0.0668153104781061,
        0.0668153104781061,
        0.0625,
        0.0,
        0.07216878364870323,
        0.15075567228888181,
        0.07216878364870323,
        0.07216878364870323,
        0.06454972243679027
    ],
    [
        0.1632993161855452,
        0.1632993161855452,
        0.08770580193070293,
        0.0,
        0.0,
        0.16903085094570333,
        0.07071067811865475,
        0.22360679774997902,
        0.08770580193070293,
        0.08451542547285167,
        0.06900655593423542,
        0.0659380473395787,
        0.074535599249993,
        0.07071067811865475,
        0.07669649888473705,
        0.07071067811865475,
        0.0,
        0.06900655593423542,
        0.0,
        0.0,
        0.0,
        0.0,
        0.08451542547285167,
        0.08770580193070293,
        0.17541160386140586,
        0.1,
        0.0912870929175277,
        0.08770580193070293,
        0.07905694150420949,
        0.9999999999999999,
        0.09534625892455924,
        0.08770580193070293,
        0.0912870929175277,
        0.08451542547285167,
        0.08451542547285167,
        0.07905694150420949,
        0.0,
        0.0912870929175277,
        0.09534625892455924,
        0.0912870929175277,
        0.0912870929175277,
        0.0816496580927726
    ],
    [
        0.1556997888323046,
        0.1556997888323046,
        0.16724840200141816,
        0.16724840200141816,
        0.1556997888323046,
        0.16116459280507606,
        0.13483997249264842,
        0.21320071635561044,
        0.16724840200141816,
        0.16116459280507606,
        0.0657951694959769,
        0.1257389226923863,
        0.07106690545187015,
        0.06741998624632421,
        0.07312724241271307,
        0.06741998624632421,
        0.0,
        0.0657951694959769,
        0.16724840200141816,
        0.14625448482542613,
        0.16724840200141816,
        0.16724840200141816,
        0.24174688920761409,
        0.08362420100070908,
        0.08362420100070908,
        0.09534625892455924,
        0.08703882797784893,
        0.08362420100070908,
        0.15075567228888181,
        0.09534625892455924,
        1.0000000000000002,
        0.16724840200141816,
        0.08703882797784893,
        0.08058229640253803,
        0.08058229640253803,
        0.07537783614444091,
        0.0,
        0.08703882797784893,
        0.2727272727272727,
        0.08703882797784893,
        0.08703882797784893,
        0.0778498944161523
    ],
    [
        0.21483446221182984,
        0.21483446221182984,
        0.07692307692307693,
        0.23076923076923078,
        0.21483446221182984,
        0.2223747949983304,
        0.1860521018838127,
        0.1307440900921227,
        0.07692307692307693,
        0.07412493166611013,
        0.060522753266880246,
        0.05783149319662403,
        0.06537204504606135,
        0.06201736729460423,
        0.06726727939963124,
        0.06201736729460423,
        0.0,
        0.060522753266880246,
        0.07692307692307693,
        0.06726727939963124,
        0.07692307692307693,
        0.07692307692307693,
        0.2223747949983304,
        0.23076923076923078,
        0.23076923076923078,
        0.08770580193070293,
        0.08006407690254358,
        0.07692307692307693,
        0.1386750490563073,
        0.08770580193070293,
        0.16724840200141816,
        0.9999999999999998,
        0.16012815380508716,
        0.14824986333222026,
        0.14824986333222026,
        0.06933752452815364,
        0.0,
        0.08006407690254358,
        0.08362420100070908,
        0.08006407690254358,
        0.08006407690254358,
        0.14322297480788657
    ],
    [
        0.0,
        0.0,
        0.08006407690254358,
        0.0,
        0.0,
        0.07715167498104597,
        0.06454972243679029,
        0.13608276348795437,
        0.0,
        0.0,
        0.12598815766974242,
        0.06019292654288461,
        0.13608276348795437,
        0.12909944487358058,
        0.0700140042014005,
        0.06454972243679029,
        0.055555555555555566,
        0.12598815766974242,
        0.0,
        0.0,
        0.0,
        0.0,
        0.07715167498104597,
        0.08006407690254358,
        0.16012815380508716,
        0.1825741858350554,
        0.1666666666666667,
        0.08006407690254358,
        0.07216878364870323,
        0.0912870929175277,
        0.08703882797784893,
        0.16012815380508716,
        1.0000000000000002,
        0.6172133998483678,
        0.6172133998483678,
        0.14433756729740646,
        0.16012815380508716,
        0.1666666666666667,
        0.2611164839335468,
        0.1666666666666667,
        0.1666666666666667,
        0.14907119849998599
    ],
    [
        0.0,
        0.0,
        0.07412493166611013,
        0.0,
        0.0,
        0.07142857142857144,
        0.05976143046671968,
        0.12598815766974242,
        0.0,
        0.0,
        0.11664236870396087,
        0.05572782125753529,
        0.12598815766974242,
        0.11952286093343936,
        0.06482037235521644,
        0.05976143046671968,
        0.051434449987363975,
        0.11664236870396087,
        0.0,
        0.0,
        0.0,
        0.0,
        0.07142857142857144,
        0.07412493166611013,
        0.14824986333222026,
        0.16903085094570333,
        0.15430334996209194,
        0.07412493166611013,
        0.0668153104781061,
        0.08451542547285167,
        0.08058229640253803,
        0.14824986333222026,
        0.6172133998483678,
        0.9999999999999999,
        0.7857142857142857,
        0.1336306209562122,
        0.14824986333222026,
        0.15430334996209194,
        0.16116459280507606,
        0.15430334996209194,
        0.15430334996209194,
        0.13801311186847084
    ],
    [
        0.0,
        0.0,
        0.07412493166611013,
        0.0,
        0.0,
        0.07142857142857144,
        0.05976143046671968,
        0.12598815766974242,
        0.0,
        0.0,
        0.11664236870396087,
        0.05572782125753529,
        0.12598815766974242,
        0.11952286093343936,
        0.06482037235521644,
        0.05976143046671968,
        0.051434449987363975,
        0.11664236870396087,
        0.0,
        0.0,
        0.0,
        0.0,
        0.07142857142857144,
        0.07412493166611013,
        0.14824986333222026,
        0.16903085094570333,
        0.15430334996209194,
        0.07412493166611013,
        0.0668153104781061,
        0.08451542547285167,
        0.08058229640253803,
        0.14824986333222026,
        0.6172133998483678,
        0.7857142857142857,
        0.9999999999999999,
        0.1336306209562122,
        0.14824986333222026,
        0.15430334996209194,
        0.16116459280507606,
        0.2314550249431379,
        0.15430334996209194,
        0.13801311186847084
    ],
    [
        0.12909944487358055,
        0.12909944487358055,
        0.06933752452815364,
        0.0,
        0.0,
        0.0,
        0.0,
        0.05892556509887897,
        0.0,
        0.0,
        0.1091089451179962,
        0.05212860351426869,
        0.11785113019775793,
        0.11180339887498948,
        0.06063390625908324,
        0.05590169943749474,
        0.048112522432468816,
        0.0545544725589981,
        0.0,
        0.0,
        0.0,
        0.0,
        0.0668153104781061,
        0.06933752452815364,
        0.1386750490563073,
        0.15811388300841897,
        0.14433756729740646,
        0.06933752452815364,
        0.0625,
        0.07905694150420949,
        0.07537783614444091,
        0.06933752452815364,
        0.14433756729740646,
        0.1336306209562122,
        0.1336306209562122,
        1.0,
        0.06933752452815364,
        0.14433756729740646,
        0.15075567228888181,
        0.14433756729740646,
        0.2165063509461097,
        0.19364916731037082
    ],
    [
        0.0,
        0.0,
        0.0,
        0.0,
        0.0,
        0.0,
        0.0,
        0.0,
        0.07692307692307693,
        0.07412493166611013,
        0.12104550653376049,
        0.05783149319662403,
        0.1307440900921227,
        0.12403473458920845,
        0.06726727939963124,
        0.06201736729460423,
        0.10675210253672476,
        0.12104550653376049,
        0.15384615384615385,
        0.1345345587992625,
        0.15384615384615385,
        0.15384615384615385,
        0.07412493166611013,
        0.0,
        0.07692307692307693,
        0.08770580193070293,
        0.08006407690254358,
        0.0,
        0.0,
        0.0,
        0.0,
        0.0,
        0.16012815380508716,
        0.14824986333222026,
        0.14824986333222026,
        0.06933752452815364,
        0.9999999999999998,
        0.08006407690254358,
        0.08362420100070908,
        0.16012815380508716,
        0.16012815380508716,
        0.07161148740394328
    ],
    [
        0.0,
        0.0,
        0.08006407690254358,
        0.08006407690254358,
        0.07453559924999299,
        0.0,
        0.0,
        0.06804138174397718,
        0.0,
        0.0,
        0.12598815766974242,
        0.06019292654288461,
        0.13608276348795437,
        0.12909944487358058,
        0.0700140042014005,
        0.06454972243679029,
        0.055555555555555566,
        0.06299407883487121,
        0.0,
        0.0,
        0.0,
        0.08006407690254358,
